512
801
924
381
759
456
824
388
590
321
728
734
783
388
877
459
874
428
614
370
978
780
844
371
834
338
593
446
462
101
318
950
785
197
418
917
812
747
558
779
517
975
215
862
541
985
734
591
889
98
893
213
457
171
864
956
816
635
866
832
299
158
413
5
925
94
306
571
593
863
459
15
3
247
557
652
460
727
699
590
117
329
449
225
597
553
287
669
192
425
808
697
851
523
697
480
767
161
17
484
872
25
425
632
931
419
816
694
59
615
783
701
599
921
440
182
779
202
563
726
159
366
871
42
214
142
54
748
699
865
30
655
747
427
861
711
60
533
687
101
947
952
579
174
16
293
21
889
975
176
381
900
461
12
467
688
47
233
988
807
138
916
328
793
268
348
275
257
909
571
258
813
344
83
760
862
224
461
776
51
700
281
448
171
955
701
938
17
933
329
617
168
39
704
646
371
814
886
640
291
306
252
419
72
234
600
527
558
469
233
753
932
331
94
800
385
511
557
311
499
37
164
575
388
461
288
961
847
688
121
869
888
727
875
557
147
624
768
58
366
121
823
371
414
88
572
82
431
61
817
172
504
741
527
628
827
851
170
543
430
317
600
318
340
308
568
505
169
234
570
659
513
581
361
533
599
378
712
283
975
222
802
35
163
282
933
845
302
735
479
301
726
769
898
80
979
36
442
260
276
769
535
509
831
900
927
310
81
511
114
288
963
53
100
715
902
532
692
328
153
275
880
692
307
524
559
90
488
692
775
757
139
517
84
42
942
82
136
209
663
903
821
749
650
966
139
168
846
76
666
502
252
772
203
451
641
564
531
417
843
803
589
666
98
621
99
1000
251
55
692
398
327
1000
194
818
833
476
728
957
612
130
425
821
44
149
797
378
527
934
438
491
620
858
467
195
994
724
717
938
932
501
181
736
631
394
59
466
17
896
22
66
717
740
593
113
162
180
278
854
983
370
977
739
382
244
481
692
481
273
469
70
136
639
996
465
724
793
275
64
159
450
251
211
102
664
922
512
980
632
601
216
828
75
551
300
148
633
421
74
255
280
979
487
404
880
4
776
419
26
422
871
794
936
293
351
149
549
9
651
456
47
295
708
691
504
220
912
493
215
663
895
472
403
351
672
143
563
533
19
799
737
663
928
687
892
950
724
534
570
479
843
787
837
44
129
716
755
644
202
483
739
588
219
363
651
657
92
235
463
730
954
288
424
298
783
7
438
594
157
562
909
876
103
279
703
634
933
132
24
924
489
404
85
895
507
600
420
912
25
569
116
702
620
386
52
250
398
810
331
723
193
452
626
463
474
154
448
802
890
496
28
107
167
45
908
523
917
460
677
264
892
600
154
685
513
841
178
500
604
221
291
444
963
229
166
751
895
543
570
23
786
998
279
102
279
203
313
553
788
291
4
596
163
390
707
661
24
629
950
597
170
987
810
986
865
849
974
905
660
58
308
808
884
977
579
491
894
991
528
581
550
802
620
423
474
680
641
939
430
102
414
124
673
383
751
117
373
704
448
128
811
308
139
504
645
951
658
582
130
52
265
703
66
479
566
78
891
72
622
558
369
322
68
652
602
913
733
101
688
264
800
726
600
408
207
667
325
796
861
270
599
51
305
593
486
807
312
331
149
144
974
758
403
547
527
141
510
310
433
832
898
968
62
734
847
877
969
113
208
436
375
16
764
67
346
167
669
179
966
168
634
887
175
87
685
810
766
994
968
633
470
346
628
71
255
462
606
337
751
165
508
623
563
677
533
845
39
547
742
269
317
589
823
781
379
381
524
852
944
483
635
9
781
951
299
989
653
20
562
65
585
535
255
458
677
401
735
12
109
630
249
751
456
129
944
674
100
220
487
954
840
227
978
491
143
587
380
258
239
686
423
269
321
147
318
883
277
28
587
255
552
928
646
261
290
187
737
444
266
453
758
444
160
718
676
808
505
371
693
664
75
392
110
167
323
91
197
918
152
954
475
853
458
616
84
685
76
442
946
151
890
546
354
767
452
597
138
130
998
645
736
313
103
953
205
318
272
898
996
134
753
103
598
808
297
377
698
90
159
821
601
37
696
349
66
144
806
797
334
514
726
455
831
754
959
656
334
92
340
443
307
967
483
737
571
613
817
108
851
42
197
997
668
931
74
161
120
514
146
438
391
710
304
406
468
688
300
255
649
160
717
705
917
961
979
963
531
281
161
180
671
749
377
582
872
253
926
696
777
391
920
98
376
697
218
155
962
342
182
59
998
993
718
567
5
47
316
37
723
450